DSC_0317.JPG 15
1.325507e+03 1.602956e+03 5.425461e+03 1.771881e+03
1.337473e+03 1.570670e+03 5.424602e+03 1.733155e+03
5.471473e+03 1.764402e+03 6.193282e+03 1.533173e+03
5.465223e+03 1.726906e+03 6.187033e+03 1.483178e+03
5.458974e+03 2.323727e+03 5.396480e+03 2.393537e+01
5.643332e+03 1.645663e+03 5.618334e+03 1.070715e+03
5.612085e+03 5.582619e+02 5.599586e+03 1.832959e+02
5.215246e+03 1.711282e+03 5.199622e+03 1.158207e+03
5.187124e+03 7.207472e+02 5.187124e+03 3.426565e+02
1.318724e+03 1.661287e+03 5.424602e+03 1.836271e+03
5.477722e+03 1.830022e+03 6.187033e+03 1.630040e+03
1.321849e+03 1.761278e+03 5.424602e+03 1.939387e+03
5.483972e+03 1.936262e+03 6.177659e+03 1.773777e+03
4.855904e+03 7.582438e+02 5.268366e+03 7.644932e+02
5.512094e+03 6.832506e+02 5.827690e+03 4.395227e+02
DSC_0318.JPG 18
1.571769e+01 1.092588e+03 4.765287e+03 1.773777e+03
3.446599e+01 1.033219e+03 4.762162e+03 1.736280e+03
4.809033e+03 1.767527e+03 6.174534e+03 1.480053e+03
4.802783e+03 1.726906e+03 6.174534e+03 1.426933e+03
4.790285e+03 2.326851e+03 4.743414e+03 1.768594e+01
4.971518e+03 1.670661e+03 4.955895e+03 1.123836e+03
4.946520e+03 6.582528e+02 4.930897e+03 2.707880e+02
5.721450e+03 1.520675e+03 5.680829e+03 8.332370e+02
5.658956e+03 2.707880e+02 5.640207e+03 5.187075e+00
4.584053e+03 1.695659e+03 4.577804e+03 1.161332e+03
4.571554e+03 7.176224e+02 4.565305e+03 3.489059e+02
1.571769e+01 1.198829e+03 4.752788e+03 1.830022e+03
4.821532e+03 1.830022e+03 6.146412e+03 1.580044e+03
3.134127e+01 1.370688e+03 4.740289e+03 1.930012e+03
4.821532e+03 1.930012e+03 6.183908e+03 1.720656e+03
4.337201e+03 6.957494e+02 4.643423e+03 7.832415e+02
4.877777e+03 7.363707e+02 5.255867e+03 5.395136e+02
5.580838e+03 3.676542e+02 6.171409e+03 5.518254e+01
DSC_0319.JPG 24
1.972147e+01 1.508540e+03 3.070183e+03 2.530570e+03
1.659599e+01 1.427278e+03 3.057681e+03 2.489939e+03
3.117065e+03 2.530570e+03 6.189404e+03 2.189893e+03
3.113939e+03 2.496190e+03 6.192529e+03 2.130509e+03
3.079559e+03 3.061900e+03 3.123316e+03 6.584119e+02
3.254585e+03 2.471186e+03 3.251460e+03 1.983612e+03
3.254585e+03 1.592928e+03 3.257711e+03 1.296008e+03
3.848425e+03 2.399300e+03 3.817170e+03 1.864844e+03
3.795292e+03 1.455407e+03 3.773414e+03 1.117856e+03
2.935787e+03 2.430555e+03 2.954540e+03 1.952358e+03
2.967042e+03 1.542921e+03 2.976418e+03 1.258503e+03
4.582911e+03 2.308661e+03 4.504774e+03 1.727324e+03
4.451641e+03 1.283506e+03 4.404759e+03 9.240771e+02
5.498675e+03 2.205521e+03 5.354903e+03 1.530419e+03
5.254888e+03 1.074100e+03 5.167375e+03 6.740393e+02
9.473280e+01 1.674190e+03 3.073308e+03 2.589954e+03
3.142068e+03 2.589954e+03 6.176902e+03 2.283658e+03
6.972902e+01 1.889848e+03 3.054555e+03 2.680593e+03
3.123316e+03 2.683718e+03 6.161275e+03 2.427429e+03
2.823270e+03 1.486662e+03 3.029551e+03 1.633559e+03
3.210829e+03 1.646061e+03 3.514000e+03 1.567924e+03
3.754661e+03 1.505415e+03 4.129718e+03 1.408525e+03
4.420387e+03 1.336639e+03 4.876706e+03 1.217872e+03
5.233009e+03 1.124107e+03 5.808096e+03 9.772101e+02
DSC_0320.JPG 31
3.222336e+01 2.514943e+03 5.916829e+02 2.671216e+03
2.597241e+01 2.455559e+03 6.010593e+02 2.627460e+03
6.354395e+02 2.674342e+03 5.542431e+03 2.452433e+03
6.510669e+02 2.633711e+03 5.536180e+03 2.408676e+03
1.082382e+03 6.396591e+02 4.666640e+02 3.299436e+03
8.417207e+02 2.614958e+03 9.511122e+02 2.074251e+03
1.044876e+03 1.655438e+03 1.110511e+03 1.336639e+03
1.535576e+03 2.583703e+03 1.607461e+03 2.042996e+03
1.663720e+03 1.627308e+03 1.707477e+03 1.296008e+03
4.010291e+02 2.555574e+03 5.510518e+02 1.986738e+03
6.666943e+02 1.549172e+03 7.510820e+02 1.220997e+03
2.232556e+03 2.546197e+03 2.263811e+03 2.005491e+03
2.288814e+03 1.602305e+03 2.307567e+03 1.274130e+03
2.929536e+03 2.521193e+03 2.923285e+03 1.974236e+03
2.917034e+03 1.571050e+03 2.910783e+03 1.242875e+03
3.632768e+03 2.483688e+03 3.579635e+03 1.942981e+03
3.542129e+03 1.539795e+03 3.510874e+03 1.202244e+03
5.720583e+03 2.336791e+03 5.511176e+03 1.696069e+03
5.389283e+03 1.352267e+03 5.251762e+03 9.397045e+02
2.284694e+01 2.599330e+03 5.604282e+02 2.733726e+03
6.291886e+02 2.743102e+03 5.561184e+03 2.518068e+03
2.284694e+01 2.736851e+03 5.416754e+02 2.846243e+03
6.073103e+02 2.849368e+03 5.595564e+03 2.624334e+03
4.322838e+02 1.436655e+03 7.260782e+02 1.642936e+03
9.698651e+02 1.699194e+03 1.344922e+03 1.680441e+03
1.610587e+03 1.667940e+03 1.979393e+03 1.652312e+03
2.248183e+03 1.642936e+03 2.623240e+03 1.624183e+03
2.882654e+03 1.608556e+03 3.260836e+03 1.592928e+03
3.526502e+03 1.580426e+03 3.907809e+03 1.561673e+03
4.173474e+03 1.549172e+03 4.554782e+03 1.533544e+03
4.823573e+03 1.517917e+03 5.211131e+03 1.499164e+03
DSC_0321.JPG 25
6.972902e+01 2.564950e+03 4.839200e+03 2.493064e+03
1.972147e+01 2.521193e+03 4.836074e+03 2.449308e+03
5.385499e+02 5.240166e+02 1.034505e+01 2.155513e+03
1.322385e+02 2.508692e+03 2.916376e+02 1.961734e+03
4.291584e+02 1.542921e+03 5.166716e+02 1.227248e+03
8.510971e+02 2.496190e+03 9.729906e+02 1.955483e+03
1.069880e+03 1.539795e+03 1.141766e+03 1.211621e+03
2.597241e+01 1.355392e+03 1.134856e+02 1.089727e+03
1.563705e+03 2.486813e+03 1.641842e+03 1.949232e+03
1.704351e+03 1.533544e+03 1.748108e+03 1.211621e+03
2.266936e+03 2.477437e+03 2.307567e+03 1.939856e+03
2.335697e+03 1.527293e+03 2.360700e+03 1.195993e+03
2.957666e+03 2.468060e+03 2.963916e+03 1.924228e+03
2.967042e+03 1.527293e+03 2.967042e+03 1.199119e+03
4.986097e+03 2.380547e+03 4.848576e+03 1.752327e+03
4.761063e+03 1.396023e+03 4.670424e+03 9.834611e+02
2.284694e+01 2.633711e+03 4.836074e+03 2.555574e+03
3.222336e+01 2.746228e+03 4.842325e+03 2.664965e+03
3.322687e+02 1.580426e+03 7.260782e+02 1.580426e+03
9.886179e+02 1.577301e+03 1.373051e+03 1.577301e+03
1.648093e+03 1.571050e+03 2.029400e+03 1.571050e+03
2.298191e+03 1.567924e+03 2.676373e+03 1.564799e+03
2.945164e+03 1.564799e+03 3.317095e+03 1.561673e+03
3.585885e+03 1.555423e+03 3.960942e+03 1.549172e+03
4.223482e+03 1.552297e+03 4.601664e+03 1.546046e+03
DSC_0322.JPG 25
1.972147e+01 2.618083e+03 4.714181e+03 2.433680e+03
2.597241e+01 2.577452e+03 4.707930e+03 2.386798e+03
4.666640e+02 8.803205e+02 1.034505e+01 2.349293e+03
1.634932e+02 2.564950e+03 3.041395e+02 2.052373e+03
4.260329e+02 1.652312e+03 5.135461e+02 1.339765e+03
7.854622e+02 2.536821e+03 9.011047e+02 2.017992e+03
9.948689e+02 1.617932e+03 1.066755e+03 1.296008e+03
1.659599e+01 1.564799e+03 1.291130e+02 1.230373e+03
1.432435e+03 2.511817e+03 1.510572e+03 1.986738e+03
1.579332e+03 1.583552e+03 1.626214e+03 1.271005e+03
2.088784e+03 2.483688e+03 2.141917e+03 1.946107e+03
2.173172e+03 1.546046e+03 2.204427e+03 1.227248e+03
2.770137e+03 2.455559e+03 2.782639e+03 1.921103e+03
2.792015e+03 1.508540e+03 2.795141e+03 1.189742e+03
4.845451e+03 2.308661e+03 4.711056e+03 1.655438e+03
4.623542e+03 1.264754e+03 4.539155e+03 8.646931e+02
1.347052e+01 2.683718e+03 4.701679e+03 2.502441e+03
3.534883e+01 2.783733e+03 4.729808e+03 2.611832e+03
3.353942e+02 1.689818e+03 6.760707e+02 1.671065e+03
9.198575e+02 1.655438e+03 1.266785e+03 1.636685e+03
1.516823e+03 1.621057e+03 1.876252e+03 1.599179e+03
2.129415e+03 1.586677e+03 2.491970e+03 1.561673e+03
2.760761e+03 1.552297e+03 3.135817e+03 1.527293e+03
3.401483e+03 1.514791e+03 3.792167e+03 1.486662e+03
4.073459e+03 1.474160e+03 4.467269e+03 1.449156e+03
