DSC_0317.JPG DSC_0318.JPG 15
0 0
1 1
2 2
3 3
4 4
5 5
6 6
7 9
8 10
9 11
10 12
11 13
12 14
13 15
14 16
DSC_0317.JPG DSC_0319.JPG 15
0 0
1 1
2 2
3 3
4 4
5 5
6 6
7 9
8 10
9 15
10 16
11 17
12 18
13 19
14 20
DSC_0317.JPG DSC_0320.JPG 15
0 0
1 1
2 2
3 3
4 4
5 5
6 6
7 9
8 10
9 19
10 20
11 21
12 22
13 23
14 24
DSC_0317.JPG DSC_0321.JPG 9
2 0
3 1
4 2
5 3
6 4
8 7
10 16
12 17
14 18
DSC_0317.JPG DSC_0322.JPG 9
2 0
3 1
4 2
5 3
6 4
8 7
10 16
12 17
14 18
DSC_0318.JPG DSC_0319.JPG 18
0 0
1 1
2 2
3 3
4 4
5 5
6 6
7 7
8 8
9 9
10 10
11 15
12 16
13 17
14 18
15 19
16 20
17 21
DSC_0318.JPG DSC_0320.JPG 18
0 0
1 1
2 2
3 3
4 4
5 5
6 6
7 7
8 8
9 9
10 10
11 19
12 20
13 21
14 22
15 23
16 24
17 25
DSC_0318.JPG DSC_0321.JPG 12
2 0
3 1
4 2
5 3
6 4
7 5
8 6
10 7
12 16
14 17
16 18
17 19
DSC_0318.JPG DSC_0322.JPG 12
2 0
3 1
4 2
5 3
6 4
7 5
8 6
10 7
12 16
14 17
16 18
17 19
DSC_0319.JPG DSC_0320.JPG 24
0 0
1 1
2 2
3 3
4 4
5 5
6 6
7 7
8 8
9 9
10 10
11 11
12 12
13 13
14 14
15 19
16 20
17 21
18 22
19 23
20 24
21 25
22 26
23 27
DSC_0319.JPG DSC_0321.JPG 18
2 0
3 1
4 2
5 3
6 4
7 5
8 6
10 7
11 8
12 9
13 10
14 11
16 16
18 17
20 18
21 19
22 20
23 21
DSC_0319.JPG DSC_0322.JPG 18
2 0
3 1
4 2
5 3
6 4
7 5
8 6
10 7
11 8
12 9
13 10
14 11
16 16
18 17
20 18
21 19
22 20
23 21
DSC_0320.JPG DSC_0321.JPG 25
2 0
3 1
4 2
5 3
6 4
7 5
8 6
10 7
11 8
12 9
13 10
14 11
15 12
16 13
17 14
18 15
20 16
22 17
24 18
25 19
26 20
27 21
28 22
29 23
30 24
DSC_0320.JPG DSC_0322.JPG 25
2 0
3 1
4 2
5 3
6 4
7 5
8 6
10 7
11 8
12 9
13 10
14 11
15 12
16 13
17 14
18 15
20 16
22 17
24 18
25 19
26 20
27 21
28 22
29 23
30 24
DSC_0321.JPG DSC_0322.JPG 25
0 0
1 1
2 2
3 3
4 4
5 5
6 6
7 7
8 8
9 9
10 10
11 11
12 12
13 13
14 14
15 15
16 16
17 17
18 18
19 19
20 20
21 21
22 22
23 23
24 24
